0.1 0.8 0.44709051720560605
0.1 0.9 0.4441091098151715
0.2 0.0 0.41626722138130157
0.2 0.1 0.44734027053084935
0.2 0.2 0.44461774086060163
0.2 0.3 0.44270907259458825
0.2 0.4 0.44726671976221805
0.2 0.5 0.4427628693369797
0.2 0.6 0.4497329156225129
0.2 0.7 0.4484454392354028
0.2 0.8 0.4445713323581052
0.3 0.0 0.41776157738879033
0.3 0.1 0.44752072767358525
0.3 0.2 0.4436500994024906
0.3 0.3 0.4423537305911694
0.3 0.4 0.4493407057368909
0.3 0.5 0.4496267150897815
0.3 0.6 0.4444455817537761
0.3 0.7 0.4494084140607268
0.4 0.0 0.4426191157823616
0.4 0.1 0.44565124182542737
0.4 0.2 0.4485193096990158
0.4 0.3 0.44956292921814917
0.4 0.4 0.45021478570093476   # 
0.4 0.5 0.44476009063999217
0.4 0.6 0.4412022846856547
0.5 0.0 0.4299987799903999
0.5 0.1 0.4427456112376643
0.5 0.2 0.44977641180127714
0.5 0.3 0.44973291562251294
0.5 0.4 0.4446978691195163
0.5 0.5 0.44925487977132955
0.6 0.0 0.4322670034336425
0.6 0.1 0.45121129770049556   #
0.6 0.2 0.4455508407274183
0.6 0.3 0.44969510397560203
0.6 0.4 0.4494496267743902
0.7 0.0 0.4539951913777619    #
0.7 0.1 0.45106706093185783
0.7 0.2 0.4552000720421241    #  8.3
0.7 0.3 0.44870077448113216
0.8 0.0 0.44231235730428325
0.8 0.1 0.449452424538669
0.8 0.2 0.4587700598901097    #  9.0
0.9 0.0 0.44530200624191996
0.9 0.1 0.4495798056339682
